<?xml version="1.0"?>
<opencv_storage>
<opencv_lbphfaces>
  <threshold>1.7976931348623157e+308</threshold>
  <radius>2</radius>
  <neighbors>2</neighbors>
  <grid_x>7</grid_x>
  <grid_y>7</grid_y>
  <histograms>
    <_ type_id="opencv-matrix">
      <rows>1</rows>
      <cols>196</cols>
      <dt>f</dt>
      <data>
        1.77514791e-01 3.37278098e-01 3.66863906e-01 1.18343197e-01
        1.95266277e-01 3.55029590e-02 4.55621302e-01 3.13609481e-01
        1.71597630e-01 3.72781068e-01 9.46745574e-02 3.60946745e-01
        2.01183438e-01 3.55029583e-01 1.36094674e-01 3.07692319e-01
        2.42603555e-01 2.01183438e-01 3.72781068e-01 1.83431953e-01
        2.18934909e-01 4.14201170e-02 4.26035523e-01 3.13609481e-01
        1.83431953e-01 1.47928998e-01 4.20118362e-01 2.48520717e-01
        1.89349115e-01 2.07100600e-01 3.84615391e-01 2.18934909e-01
        1.59763321e-01 4.97041434e-01 1.77514791e-01 1.65680468e-01
        1.53846160e-01 7.69230798e-02 5.26627243e-01 2.42603555e-01
        1.36094674e-01 6.03550315e-01 8.87573957e-02 1.71597630e-01
        2.42603555e-01 2.07100600e-01 3.37278098e-01 2.13017762e-01
        1.83431953e-01 3.55029590e-02 5.62130213e-01 2.18934909e-01
        1.71597630e-01 1.36094674e-01 4.49704140e-01 2.42603555e-01
        1.47928998e-01 3.07692319e-01 3.78698230e-01 1.65680468e-01
        2.54437864e-01 2.89940834e-01 1.30177513e-01 3.25443804e-01
        1.71597630e-01 8.87573957e-02 4.73372787e-01 2.66272187e-01
        1.53846160e-01 5.26627243e-01 1.47928998e-01 1.71597630e-01
        1.83431953e-01 5.44378698e-01 5.91715984e-02 2.13017762e-01
        1.59763321e-01 1.30177513e-01 4.73372787e-01 2.36686394e-01
        3.19526643e-01 1.95266277e-01 2.42603555e-01 2.42603555e-01
        2.18934909e-01 1.71597630e-01 3.37278098e-01 2.72189349e-01
        2.36686394e-01 2.78106511e-01 2.24852070e-01 2.60355026e-01
        1.65680468e-01 2.13017762e-01 3.72781068e-01 2.48520717e-01
        1.95266277e-01 5.02958596e-01 2.95857992e-02 2.72189349e-01
        2.48520717e-01 2.89940834e-01 1.89349115e-01 2.72189349e-01
        1.47928998e-01 2.13017762e-01 3.78698230e-01 2.60355026e-01
        2.89940834e-01 1.53846160e-01 2.72189349e-01 2.84023672e-01
        1.95266277e-01 2.24852070e-01 3.72781068e-01 2.07100600e-01
        2.48520717e-01 2.54437864e-01 1.83431953e-01 3.13609481e-01
        1.00591719e-01 6.44970417e-01 9.46745574e-02 1.59763321e-01
        2.13017762e-01 4.43786979e-01 1.65680468e-01 1.77514791e-01
        3.43195260e-01 1.30177513e-01 1.77514791e-01 3.49112421e-01
        2.72189349e-01 1.53846160e-01 2.95857996e-01 2.78106511e-01
        2.48520717e-01 1.59763321e-01 2.72189349e-01 3.19526643e-01
        2.42603555e-01 1.83431953e-01 2.13017762e-01 3.60946745e-01
        2.01183438e-01 4.02366877e-01 2.01183438e-01 1.95266277e-01
        2.24852070e-01 1.59763321e-01 3.66863906e-01 2.48520717e-01
        2.95857996e-01 2.36686394e-01 1.42011836e-01 3.25443804e-01
        3.19526643e-01 1.77514791e-01 2.24852070e-01 2.78106511e-01
        2.13017762e-01 1.95266277e-01 4.20118362e-01 1.71597630e-01
        1.65680468e-01 4.97041434e-01 7.10059181e-02 2.66272187e-01
        2.48520717e-01 1.59763321e-01 2.84023672e-01 3.07692319e-01
        2.42603555e-01 3.07692319e-01 2.01183438e-01 2.48520717e-01
        3.13609481e-01 1.95266277e-01 1.77514791e-01 3.13609481e-01
        3.01775157e-01 2.89940834e-01 8.28402340e-02 3.25443804e-01
        2.24852070e-01 3.49112421e-01 1.65680468e-01 2.60355026e-01
        1.42011836e-01 2.24852070e-01 4.49704140e-01 1.83431953e-01
        1.89349115e-01 4.79289949e-01 1.18343197e-01 2.13017762e-01</data></_>
    <_ type_id="opencv-matrix">
      <rows>1</rows>
      <cols>196</cols>
      <dt>f</dt>
      <data>
        2.55102038e-01 3.01020414e-01 1.83673471e-01 2.60204077e-01
        2.29591832e-01 2.29591832e-01 3.06122452e-01 2.34693870e-01
        1.88775510e-01 3.06122452e-01 1.63265303e-01 3.41836721e-01
        2.19387755e-01 2.95918375e-01 2.44897962e-01 2.39795908e-01
        2.29591832e-01 3.06122452e-02 5.05102038e-01 2.34693870e-01
        1.07142858e-01 3.87755096e-01 2.34693870e-01 2.70408154e-01
        1.88775510e-01 3.31632644e-01 2.80612230e-01 1.98979586e-01
        2.70408154e-01 2.09183663e-01 3.06122452e-01 2.14285716e-01
        1.98979586e-01 3.77551019e-01 1.98979586e-01 2.24489793e-01
        1.73469380e-01 2.95918375e-01 2.44897962e-01 2.85714269e-01
        2.34693870e-01 1.07142858e-01 3.62244904e-01 2.95918375e-01
        2.04081625e-01 3.06122452e-02 5.05102038e-01 2.60204077e-01
        1.63265303e-01 4.28571433e-01 1.12244897e-01 2.95918375e-01
        1.42857134e-01 4.48979586e-01 3.11224490e-01 9.69387740e-02
        2.24489793e-01 2.34693870e-01 2.70408154e-01 2.70408154e-01
        2.04081625e-01 2.60204077e-01 3.31632644e-01 2.04081625e-01
        2.60204077e-01 2.24489793e-01 2.19387755e-01 2.95918375e-01
        2.95918375e-01 1.17346935e-01 2.50000000e-01 3.36734682e-01
        9.18367356e-02 1.02040814e-02 7.44897962e-01 1.53061226e-01
        4.59183678e-02 4.18367326e-01 3.16326529e-01 2.19387755e-01
        1.98979586e-01 3.11224490e-01 3.06122452e-01 1.83673471e-01
        2.09183663e-01 1.27551019e-01 3.67346942e-01 2.95918375e-01
        2.85714269e-01 3.31632644e-01 1.53061226e-01 2.29591832e-01
        2.95918375e-01 2.39795908e-01 1.32653058e-01 3.31632644e-01
        1.78571418e-01 1.12244897e-01 5.10204077e-01 1.98979586e-01
        1.02040814e-02 0. 8.77551019e-01 1.12244897e-01 2.04081628e-02
        4.28571433e-01 3.46938759e-01 2.04081625e-01 1.83673471e-01
        3.92857134e-01 2.80612230e-01 1.42857134e-01 2.19387755e-01
        3.21428567e-01 1.88775510e-01 2.70408154e-01 2.90816307e-01
        3.92857134e-01 6.63265288e-02 2.50000000e-01 3.21428567e-01
        1.88775510e-01 1.42857134e-01 3.46938759e-01 2.09183663e-01
        1.47959188e-01 3.92857134e-01 2.50000000e-01 8.16326514e-02 0.
        7.04081595e-01 2.14285716e-01 1.42857134e-01 3.01020414e-01
        3.16326529e-01 2.39795908e-01 2.65306115e-01 1.73469380e-01
        2.44897962e-01 3.16326529e-01 2.44897962e-01 2.44897962e-01
        2.55102038e-01 2.55102038e-01 2.85714269e-01 3.87755096e-01
        2.55102031e-02 3.01020414e-01 2.29591832e-01 2.60204077e-01
        2.19387755e-01 2.90816307e-01 2.34693870e-01 2.39795908e-01
        2.50000000e-01 2.75510192e-01 2.70408154e-01 4.59183678e-02
        3.87755096e-01 2.95918375e-01 2.29591832e-01 1.02040812e-01
        3.57142836e-01 3.11224490e-01 2.39795908e-01 1.63265303e-01
        3.31632644e-01 2.65306115e-01 2.44897962e-01 3.01020414e-01
        1.63265303e-01 2.90816307e-01 2.80612230e-01 2.50000000e-01
        1.83673471e-01 2.85714269e-01 3.21428567e-01 2.09183663e-01
        1.47959188e-01 3.21428567e-01 2.24489793e-01 3.57142836e-02
        4.94897962e-01 2.44897962e-01 2.75510192e-01 1.27551019e-01
        2.50000000e-01 3.46938759e-01 1.98979586e-01 1.58163264e-01
        4.38775510e-01 2.04081625e-01 2.44897962e-01 1.27551019e-01
        3.06122452e-01 3.21428567e-01</data></_>
    <_ type_id="opencv-matrix">
      <rows>1</rows>
      <cols>196</cols>
      <dt>f</dt>
      <data>
        6.94444478e-02 2.08333340e-02 7.36111104e-01 1.73611119e-01
        2.22222224e-01 1.38888896e-01 3.19444448e-01 3.19444448e-01
        2.15277776e-01 2.84722239e-01 7.63888881e-02 4.23611104e-01
        1.87500000e-01 1.11111112e-01 5.20833313e-01 1.80555552e-01
        9.02777761e-02 3.47222239e-02 7.08333313e-01 1.66666672e-01
        2.29166672e-01 1.87500000e-01 2.29166672e-01 3.54166657e-01
        2.22222224e-01 1.66666672e-01 3.05555552e-01 3.05555552e-01
        2.29166672e-01 7.63888881e-02 3.26388896e-01 3.68055552e-01
        1.73611119e-01 4.37500000e-01 5.55555560e-02 3.33333343e-01
        2.15277776e-01 2.01388896e-01 2.50000000e-01 3.33333343e-01
        2.50000000e-01 1.52777776e-01 3.81944448e-01 2.15277776e-01
